epoch:0 0.2357  0.5448  0.0075  -1.0000  0.4175  0.2272  0.2630  0.2926  0.2926  -1.0000  0.5000  0.3000  1.6615  0.004000
epoch:1 0.3525  0.8879  0.2041  -1.0000  0.8505  0.3442  0.3093  0.4389  0.4389  -1.0000  0.8500  0.4056  0.9727  0.004000
epoch:2 0.5142  0.9444  0.3269  -1.0000  0.5252  0.5500  0.5407  0.5630  0.5630  -1.0000  0.5500  0.5889  0.7692  0.004000
epoch:3 0.4983  0.9169  0.3550  -1.0000  0.8000  0.4909  0.4704  0.5556  0.5556  -1.0000  0.8000  0.5333  0.6475  0.004000
epoch:4 0.4906  0.8218  0.3496  -1.0000  0.7505  0.5557  0.5444  0.6148  0.6148  -1.0000  0.7500  0.6111  0.5918  0.004000
epoch:5 0.4089  0.9607  0.2783  -1.0000  0.2505  0.4123  0.4093  0.4463  0.4463  -1.0000  0.3000  0.4389  0.5171  0.004000
epoch:6 0.4854  0.8929  0.3645  -1.0000  0.6505  0.4853  0.4352  0.5870  0.5870  -1.0000  0.7000  0.5722  0.4830  0.004000
epoch:7 0.5092  0.9587  0.5143  -1.0000  0.8000  0.5058  0.4611  0.5463  0.5463  -1.0000  0.8000  0.5389  0.4366  0.004000
epoch:8 0.5372  0.8798  0.6298  -1.0000  0.7505  0.5530  0.5259  0.5852  0.5852  -1.0000  0.7500  0.5889  0.4104  0.004000
epoch:9 0.5064  0.9725  0.4169  -1.0000  0.8000  0.5076  0.5000  0.5296  0.5296  -1.0000  0.8000  0.5222  0.3806  0.004000
epoch:10 0.5610  0.8688  0.4892  -1.0000  0.7252  0.5639  0.5500  0.6574  0.6574  -1.0000  0.7500  0.6389  0.3675  0.004000
epoch:11 0.5629  0.9021  0.5132  -1.0000  0.8000  0.5761  0.5444  0.6296  0.6296  -1.0000  0.8000  0.6222  0.3487  0.004000
epoch:12 0.5719  0.9725  0.6392  -1.0000  0.7505  0.5706  0.5630  0.6111  0.6111  -1.0000  0.7500  0.6000  0.3377  0.004000
epoch:13 0.6141  0.9670  0.6337  -1.0000  0.8505  0.6206  0.6074  0.6370  0.6370  -1.0000  0.8500  0.6333  0.3265  0.004000
epoch:14 0.6609  0.9670  0.6337  -1.0000  0.8000  0.6651  0.6556  0.6852  0.6852  -1.0000  0.8000  0.6778  0.3068  0.004000
epoch:15 0.5614  0.8429  0.6300  -1.0000  0.7252  0.5613  0.5111  0.6630  0.6630  -1.0000  0.7500  0.6444  0.2972  0.004000
epoch:16 0.5936  0.8465  0.6799  -1.0000  0.8252  0.6039  0.5778  0.7000  0.7000  -1.0000  0.8500  0.6889  0.2818  0.000400
epoch:17 0.6572  0.9670  0.7448  -1.0000  0.8252  0.6539  0.6519  0.6852  0.6852  -1.0000  0.8500  0.6667  0.2589  0.000400
epoch:18 0.6387  0.9670  0.7448  -1.0000  0.8000  0.6428  0.6333  0.6630  0.6630  -1.0000  0.8000  0.6556  0.2408  0.000400
epoch:19 0.6177  0.9633  0.5189  -1.0000  0.8505  0.6142  0.6148  0.6444  0.6444  -1.0000  0.8500  0.6333  0.2433  0.000400
epoch:20 0.6647  0.9670  0.7448  -1.0000  0.8505  0.6651  0.6593  0.6889  0.6889  -1.0000  0.8500  0.6778  0.2479  0.000400
epoch:21 0.6947  0.9670  0.7448  -1.0000  0.8505  0.6966  0.6926  0.7222  0.7222  -1.0000  0.8500  0.7111  0.2415  0.000400
epoch:22 0.6725  0.9670  0.7448  -1.0000  0.8505  0.6743  0.6704  0.7000  0.7000  -1.0000  0.8500  0.6889  0.2319  0.000040
epoch:23 0.6765  0.9576  0.6243  -1.0000  0.8505  0.6854  0.6815  0.7111  0.7111  -1.0000  0.8500  0.7000  0.2313  0.000040
epoch:24 0.6669  0.9670  0.7448  -1.0000  0.8505  0.6687  0.6648  0.6944  0.6944  -1.0000  0.8500  0.6833  0.2326  0.000040
epoch:25 0.6498  0.9670  0.7448  -1.0000  0.8000  0.6539  0.6444  0.6741  0.6741  -1.0000  0.8000  0.6667  0.2307  0.000040
