epoch:0 0.2757  0.4729  0.1667  -1.0000  0.3713  0.2722  0.2926  0.3185  0.3185  -1.0000  0.4500  0.3222  1.6615  0.004000
epoch:1 0.5142  0.9435  0.5769  -1.0000  0.5000  0.5558  0.4685  0.6222  0.6222  -1.0000  0.5000  0.6444  0.9727  0.004000
epoch:2 0.6158  0.9444  0.6667  -1.0000  0.6505  0.6391  0.6278  0.6500  0.6500  -1.0000  0.6500  0.6611  0.7692  0.004000
epoch:3 0.6191  0.9725  0.6573  -1.0000  0.5515  0.6455  0.6056  0.6648  0.6648  -1.0000  0.5500  0.6833  0.6475  0.004000
epoch:4 0.6018  0.9052  0.7566  -1.0000  0.6010  0.6817  0.6667  0.6852  0.6852  -1.0000  0.6000  0.7000  0.5918  0.004000
epoch:5 0.5688  0.9607  0.6349  -1.0000  0.1757  0.6132  0.5944  0.6278  0.6278  -1.0000  0.2500  0.6611  0.5171  0.004000
epoch:6 0.5895  0.9670  0.5849  -1.0000  0.5505  0.6187  0.5852  0.6259  0.6259  -1.0000  0.5500  0.6444  0.4830  0.004000
epoch:7 0.6402  0.9587  0.7547  -1.0000  0.6515  0.6589  0.5981  0.6944  0.6944  -1.0000  0.6500  0.7056  0.4366  0.004000
epoch:8 0.6362  0.9631  0.6295  -1.0000  0.6020  0.6817  0.6519  0.6778  0.6778  -1.0000  0.6000  0.7000  0.4104  0.004000
epoch:9 0.6525  0.9725  0.7499  -1.0000  0.6010  0.6863  0.6537  0.6944  0.6944  -1.0000  0.6000  0.7167  0.3806  0.004000
epoch:10 0.6457  0.9576  0.7076  -1.0000  0.5515  0.7132  0.6481  0.6963  0.6963  -1.0000  0.5500  0.7222  0.3675  0.004000
epoch:11 0.6845  0.9576  0.7690  -1.0000  0.7000  0.7243  0.6704  0.7185  0.7185  -1.0000  0.7000  0.7333  0.3487  0.004000
epoch:12 0.6679  0.9725  0.7965  -1.0000  0.5515  0.6874  0.6556  0.6704  0.6704  -1.0000  0.5500  0.6889  0.3377  0.004000
epoch:13 0.6765  0.9670  0.7074  -1.0000  0.6515  0.7057  0.6796  0.6981  0.6981  -1.0000  0.6500  0.7167  0.3265  0.004000
epoch:14 0.6969  0.9670  0.8559  -1.0000  0.6505  0.7279  0.6981  0.7204  0.7204  -1.0000  0.6500  0.7389  0.3068  0.004000
epoch:15 0.5937  0.8429  0.7409  -1.0000  0.6010  0.6641  0.5333  0.6852  0.6852  -1.0000  0.6000  0.7000  0.2972  0.004000
epoch:16 0.6113  0.8465  0.7134  -1.0000  0.7010  0.6854  0.6130  0.7241  0.7241  -1.0000  0.7000  0.7389  0.2818  0.000400
epoch:17 0.6987  0.9670  0.8185  -1.0000  0.6515  0.7279  0.7019  0.7204  0.7204  -1.0000  0.6500  0.7389  0.2589  0.000400
epoch:18 0.6580  0.9670  0.7448  -1.0000  0.7010  0.6835  0.6574  0.6796  0.6796  -1.0000  0.7000  0.6944  0.2408  0.000400
epoch:19 0.6854  0.9633  0.8148  -1.0000  0.6515  0.7113  0.6907  0.7093  0.7093  -1.0000  0.6500  0.7278  0.2433  0.000400
epoch:20 0.7135  0.9670  0.8559  -1.0000  0.7010  0.7391  0.7130  0.7352  0.7352  -1.0000  0.7000  0.7500  0.2479  0.000400
epoch:21 0.6913  0.9670  0.7448  -1.0000  0.7010  0.7168  0.6907  0.7130  0.7130  -1.0000  0.7000  0.7278  0.2415  0.000400
epoch:22 0.6947  0.9670  0.8339  -1.0000  0.7010  0.7188  0.6907  0.7130  0.7130  -1.0000  0.7000  0.7278  0.2319  0.000040
epoch:23 0.6913  0.9576  0.8465  -1.0000  0.7010  0.7224  0.6963  0.7185  0.7185  -1.0000  0.7000  0.7333  0.2313  0.000040
epoch:24 0.7135  0.9670  0.8559  -1.0000  0.7010  0.7391  0.7130  0.7352  0.7352  -1.0000  0.7000  0.7500  0.2326  0.000040
epoch:25 0.6783  0.9670  0.8559  -1.0000  0.7010  0.6946  0.6759  0.6981  0.6981  -1.0000  0.7000  0.7056  0.2307  0.000040
